=== page 3 ===
   74.2 | [10.6, 10.6, 10.6, 10.6, 10.6, 10.6, 10.6] | 心距离每隔0.5 cm 的水分浓度，并将药材内部水分浓度每隔60 s 时间、0.1 cm 距离的完整
   89.9 | [10.6, 10.6, 10.6, 10.6, 10.6, 10.6]     | 结果保存到文件result4.xlsx 中（模板文件见附件3）。 
  113.3 | [10.6, 10.6, 10.6, 10.6]                 | 表6  药材烘干过程的水分浓度 
  145.2 | [10.6, 10.6]                             | 时间/h 
  137.1 | [10.6, 10.6]                             | 到药材中心的距离/cm 
  153.1 | [10.6]                                   | 0 
  153.1 | [10.6]                                   | 0.5 
  153.2 | [10.6, 10.6]                             | „ 
  153.2 | [10.6, 10.6]                             | 药材表面 
  169.2 | [10.6]                                   | 6 
  169.2 | [10.6]                                   |  
  169.2 | [10.6]                                   |  
  169.2 | [10.6]                                   |  
  169.2 | [10.6]                                   |  
  185.4 | [10.6]                                   | 12 
  185.4 | [10.6]                                   |  
  185.4 | [10.6]                                   |  
  185.4 | [10.6]                                   |  
  185.4 | [10.6]                                   |  
  201.5 | [10.6]                                   | 18 
  201.5 | [10.6]                                   |  
  201.5 | [10.6]                                   |  
  201.5 | [10.6]                                   |  
  201.5 | [10.6]                                   |  
  217.7 | [10.6, 10.6]                             | „ 
  217.5 | [10.6]                                   |  
  217.5 | [10.6]                                   |  
  217.5 | [10.6]                                   |  
  217.5 | [10.6]                                   |  
  233.7 | [10.6, 10.6]                             | 烘干结束时间 
  233.6 | [10.6]                                   |  
  233.6 | [10.6]                                   |  
  233.6 | [10.6]                                   |  
  233.6 | [10.6]                                   |  
  249.7 | [10.6]                                   |  
  265.4 | [10.6]                                   |  
  281.4 | [10.6, 10.6, 10.6, 10.6]                 | 附录1  附件说明 
  296.6 | [10.6, 10.6, 10.6, 10.6, 10.6, 10.6, 10.6] | 附件1 给出了烘干初期各时间点（单位：s）烘房的温度（单位：°C）和水分浓度（单
  312.2 | [10.6, 10.6, 10.6, 10.6]                 | 位：kg/kg）。 
  327.7 | [10.6]                                   |  
  343.4 | [10.6, 10.6, 10.6, 10.6, 10.6, 10.6, 10.6, 10.6] | 附件2 给出了烘干过程中各时间点（单位：s）药材的半径（单位：cm）。 
  358.9 | [10.6]                                   |  
  374.6 | [10.6, 10.6, 10.6, 10.6, 10.6, 10.6, 10.6, 10.6] | 附件3 是结果文件夹，包括4 个文件（result1.xlsx-result4.xlsx）。 
  390.2 | [10.6, 10.6, 10.6, 10.6, 10.6]           | result1.xlsx  问题1 的结果模板文件 
  405.8 | [10.6, 10.6, 10.6, 10.6, 10.6]           | 在“温度”和“水分浓度”工作表中分别保存问题1 要求的温度（单位：°C）和水分
  421.4 | [10.6, 10.6, 10.6, 10.6, 10.6, 10.6, 10.6, 10.6, 10.6] | 浓度（单位：kg/kg），其中A 列为时间（单位：s），第1 行为到药材中心的距离（单位：
  437.1 | [10.6, 10.6, 10.6]                       | cm）。 
  452.5 | [10.6]                                   |  
  468.3 | [10.6, 10.6, 10.6, 10.6, 10.6]           | result2.xlsx  问题2 的结果模板文件 
  483.9 | [10.6, 10.6, 10.6, 10.6, 10.6]           | 在“温度”和“水分浓度”工作表中分别保存问题2 要求的温度（单位：°C）和水分
  499.5 | [10.6, 10.6, 10.6, 10.6, 10.6, 10.6, 10.6, 10.6, 10.6] | 浓度（单位：kg/kg），其中A 列为时间（单位：s），第1 行为到药材中心的距离（单位：
  515.1 | [10.6, 10.6, 10.6]                       | cm）。 
  530.5 | [10.6]                                   |  
  546.3 | [10.6, 10.6, 10.6, 10.6, 10.6]           | result3.xlsx  问题3 的结果模板文件 
  561.9 | [10.6, 10.6, 10.6, 10.6, 10.6, 10.6, 10.6, 10.6, 10.6, 10.6, 10.6] | 保存问题3 要求的水分浓度（单位：kg/kg），其中A 列为时间（单位：s），第1 行为
  577.5 | [10.6, 10.6, 10.6, 10.6]                 | 到药材中心的距离（单位：cm）。 
  592.9 | [10.6]                                   |  
  608.7 | [10.6, 10.6, 10.6, 10.6, 10.6]           | result4.xlsx  问题4 的结果模板文件 
  624.3 | [10.6, 10.6, 10.6, 10.6, 10.6, 10.6, 10.6, 10.6, 10.6, 10.6, 10.6] | 保存问题4 要求的水分浓度（单位：kg/kg），其中A 列为时间（单位：s），第1 行为
  639.9 | [10.6, 10.6, 10.6, 10.6]                 | 到药材中心的距离（单位：cm）。 
  655.4 | [10.6]                                   |  
  671.1 | [10.6, 10.6, 10.6, 10.6, 10.6, 10.6]     | 附录2  问题1 的相关参数 
  684.9 | [10.6, 10.6, 7.0, 10.6, 10.6, 10.6, 10.6, 10.6, 10.6, 10.6, 10.6, 10.6] | 密度为820 kg/m3、比热容为2600 J/(kg·K)、热传导系数为0.36 W/(m·K)，对流换热
  700.5 | [10.6, 10.6, 7.0, 10.6, 10.6, 10.6, 10.6, 10.6, 7.6, 10.6, 10.6, 10.6] | 系数为25 W/(m2·K)，对流传质系数为 8 × 10−7 m/s，水分浓度扩散系数的经验公式为 
  722.5 | [10.6, 7.6, 10.6, 7.6]                   | 𝐷= 7 × 10−9e−0.89
  728.5 | [7.6, 10.6]                              | 𝐶 
  747.3 | [10.6, 10.6, 10.6, 10.6, 10.6, 10.6, 7.0, 10.6, 10.6, 10.6, 10.6, 10.6, 10.6, 10.6, 10.6] | 其中 𝐷 为水分浓度扩散系数（单位：m2/s），𝐶 为药材水分浓度（单位：kg/kg）。 
=== page 4 ===
   74.2 | [10.6, 10.6, 10.6, 10.6, 10.6, 10.6, 10.6, 10.6] | 附录3  问题2 和问题3 的相关经验公式 
   89.9 | [10.6, 10.6, 10.6, 10.6, 10.6, 10.6]     | 问题2 和问题3 用到的经验公式 
  110.5 | [10.6]                                   | 𝜌= 650 + 128𝐶
  131.1 | [10.6, 7.6, 10.6]                        | 𝑐𝑝= 1450 + 2736 ∙
  123.1 | [10.6]                                   | 𝐶
  138.2 | [10.6]                                   | 𝐶+ 1
  156.8 | [10.6]                                   | 𝑘= 0.21 + 0.38 ∙
  148.8 | [10.6]                                   | 𝐶
  163.9 | [10.6]                                   | 𝐶+ 1
  174.6 | [10.6, 7.6, 10.6, 7.6]                   | 𝐷= 2.4 × 10−3e−0.45
  174.7 | [7.6, 10.6, 7.6]                         | 𝐶e−3850
  183.0 | [7.6]                                    | 𝑇
  144.3 | [10.6]                                   |  
  196.9 | [10.6, 10.6, 10.6, 10.6, 10.6, 10.6, 7.0, 10.6, 10.6, 7.6, 10.6, 10.6, 10.6, 10.6, 10.6, 10.6, 10.6, 10.6, 10.6] | 其中 𝜌 为密度（单位：kg/m3），𝑐𝑝 为比热容（单位：J/(kg·K)），𝑘 为热传导系数（单
  212.8 | [10.6, 10.6, 10.6, 10.6, 10.6, 10.6, 10.6, 10.6, 10.6, 7.0, 10.6, 10.6, 10.6, 10.6, 10.6, 10.6, 10.6] | 位：W/(m·K)），𝐷 为水分浓度扩散系数（单位：m2/s），𝐶 为药材水分浓度（单位：kg/kg），
  230.3 | [10.6, 10.6, 10.6, 10.6, 10.6, 10.6]     | 𝑇 为药材温度（单位：K）。 
  247.1 | [10.6]                                   |  
  261.5 | [10.6, 10.6, 10.6, 10.6, 10.6, 10.6]     | 附录4  问题4 的相关经验公式 
  277.1 | [10.6, 10.6, 10.6, 10.6]                 | 问题4 用到的经验公式 
  297.6 | [10.6]                                   | 𝜌= 760 + 90𝐶
  318.2 | [10.6, 7.6, 10.6]                        | 𝑐𝑝= 1850 + 2150 ∙
  310.2 | [10.6]                                   | 𝐶
  325.3 | [10.6]                                   | 𝐶+ 1
  343.9 | [10.6]                                   | 𝑘= 0.12 + 0.20 ∙
  335.9 | [10.6]                                   | 𝐶
  351.0 | [10.6]                                   | 𝐶+ 1
  361.7 | [10.6, 7.6, 10.6, 7.6]                   | 𝐷= 4.2 × 10−4e−0.30
  361.8 | [7.6, 10.6, 7.6]                         | 𝐶e−3850
  370.1 | [7.6]                                    | 𝑇
  331.6 | [10.6]                                   |  
  384.1 | [10.6, 10.6, 10.6, 10.6, 10.6, 10.6, 7.0, 10.6, 10.6, 7.6, 10.6, 10.6, 10.6, 10.6, 10.6, 10.6, 10.6, 10.6, 10.6] | 其中 𝜌 为密度（单位：kg/m3），𝑐𝑝 为比热容（单位：J/(kg·K)），𝑘 为热传导系数（单
  400.0 | [10.6, 10.6, 10.6, 10.6, 10.6, 10.6, 10.6, 10.6, 10.6, 7.0, 10.6, 10.6, 10.6, 10.6, 10.6, 10.6, 10.6] | 位：W/(m·K)），𝐷 为水分浓度扩散系数（单位：m2/s），𝐶 为药材水分浓度（单位：kg/kg），
  417.5 | [10.6, 10.6, 10.6, 10.6, 10.6, 10.6]     | 𝑇 为药材温度（单位：K）。 